c0000001
84800020
40080000
84800020
40080008
84800020
40080010
84800020
40080018
84800020
40080020
84800020
40080028
84800020
40080030
84800020
40080038
84800020
40080040
84800020
40080048
84800020
40080050
84800020
40080058
84800020
40080060
84800020
40080068
84800020
40080070
84800020
40080078
84800020
40080080
84800020
40080088
84800020
40080090
84800020
40080098
84800020
400800a0
84800020
400800a8
84800020
400800b0
84800020
400800b8
84800020
400800c0
84800020
400800c8
84800020
400800d0
84800020
400800d8
84800020
400800e0
84800020
400800e8
84800020
400800f0
84800020
400800f8
84800020
40080100
84800020
40080108
84800020
40080110
84800020
40080118
84800020
40080120
84800020
40080128
84800020
40080130
84800020
40080138
84800020
40080140
84800020
40080148
84800020
40080150
84800020
40080158
84800020
40080160
84800020
40080168
84800020
40080170
84800020
40080178
84800020
40080180
84800020
40080188
84800020
40080190
84800020
40080198
84800020
400801a0
84800020
400801a8
84800020
400801b0
84800020
400801b8
84800020
400801c0
84800020
400801c8
84800020
400801d0
84800020
400801d8
84800020
400801e0
84800020
400801e8
84800020
400801f0
84800020
400801f8
84800020
40080200
84800020
40080208
84800020
40080210
84800020
40080218
84800020
40080220
84800020
40080228
84800020
40080230
84800020
40080238
84800020
40080240
84800020
40080248
84800020
40080250
84800020
40080258
84800020
40080260
84800020
40080268
84800020
40080270
84800020
40080278
84800020
40080280
84800020
40080288
84800020
40080290
84800020
40080298
84800020
400802a0
84800020
400802a8
84800020
400802b0
84800020
400802b8
84800020
400802c0
84800020
400802c8
84800020
400802d0
84800020
400802d8
84800020
400802e0
84800020
400802e8
84800020
400802f0
84800020
400802f8
84800020
40080300
84800020
40080308
84800020
40080310
84800020
40080318
84800020
40080320
84800020
40080328
84800020
40080330
84800020
40080338
84800020
40080340
84800020
40080348
84800020
40080350
84800020
40080358
84800020
40080360
84800020
40080368
84800020
40080370
84800020
40080378
84800020
40080380
84800020
40080388
84800020
40080390
84800020
40080398
84800020
400803a0
84800020
400803a8
84800020
400803b0
84800020
400803b8
84800020
400803c0
84800020
400803c8
84800020
400803d0
84800020
400803d8
84800020
400803e0
84800020
400803e8
84800020
400803f0
84800020
400803f8
84800020
40080400
84800020
40080408
84800020
40080410
84800020
40080418
84800020
40080420
84800020
40080428
84800020
40080430
84800020
40080438
84800020
40080440
84800020
40080448
84800020
40080450
84800020
40080458
84800020
40080460
84800020
40080468
84800020
40080470
84800020
40080478
84800020
40080480
84800020
40080488
84800020
40080490
84800020
40080498
84800020
400804a0
84800020
400804a8
84800020
400804b0
84800020
400804b8
84800020
400804c0
84800020
400804c8
84800020
400804d0
84800020
400804d8
84800020
400804e0
84800020
400804e8
84800020
400804f0
84800020
400804f8
84800020
40080500
84800020
40080508
84800020
40080510
84800020
40080518
84800020
40080520
84800020
40080528
84800020
40080530
84800020
40080538
84800020
40080540
84800020
40080548
84800020
40080550
84800020
40080558
84800020
40080560
84800020
40080568
84800020
40080570
84800020
40080578
84800020
40080580
84800020
40080588
84800020
40080590
84800020
40080598
84800020
400805a0
84800020
400805a8
84800020
400805b0
84800020
400805b8
84800020
400805c0
84800020
400805c8
84800020
400805d0
84800020
400805d8
84800020
400805e0
84800020
400805e8
84800020
400805f0
84800020
400805f8
84800020
40080600
84800020
40080608
84800020
40080610
84800020
40080618
84800020
40080620
84800020
40080628
84800020
40080630
84800020
40080638
84800020
40080640
84800020
40080648
84800020
40080650
84800020
40080658
84800020
40080660
84800020
40080668
84800020
40080670
84800020
40080678
84800020
40080680
84800020
40080688
84800020
40080690
84800020
40080698
84800020
400806a0
84800020
400806a8
84800020
400806b0
84800020
400806b8
84800020
400806c0
84800020
400806c8
84800020
400806d0
84800020
400806d8
84800020
400806e0
84800020
400806e8
84800020
400806f0
84800020
400806f8
84800020
40080700
84800020
40080708
84800020
40080710
84800020
40080718
84800020
40080720
84800020
40080728
84800020
40080730
84800020
40080738
84800020
40080740
84800020
40080748
84800020
40080750
84800020
40080758
84800020
40080760
84800020
40080768
84800020
40080770
84800020
40080778
84800020
40080780
84800020
40080788
84800020
40080790
84800020
40080798
84800020
400807a0
84800020
400807a8
84800020
400807b0
84800020
400807b8
84800020
400807c0
84800020
400807c8
84800020
400807d0
84800020
400807d8
84800020
400807e0
84800020
400807e8
84800020
400807f0
84800020
400807f8
84800020
40080800
84800020
40080808
84800020
40080810
84800020
40080818
84800020
40080820
84800020
40080828
84800020
40080830
84800020
40080838
84800020
40080840
84800020
40080848
84800020
40080850
84800020
40080858
84800020
40080860
84800020
40080868
84800020
40080870
84800020
40080878
84800020
40080880
84800020
40080888
84800020
40080890
84800020
40080898
84800020
400808a0
84800020
400808a8
84800020
400808b0
84800020
400808b8
84800020
400808c0
84800020
400808c8
84800020
400808d0
84800020
400808d8
84800020
400808e0
84800020
400808e8
84800020
400808f0
84800020
400808f8
84800020
40080900
84800020
40080908
84800020
40080910
84800020
40080918
84800020
40080920
84800020
40080928
84800020
40080930
84800020
40080938
84800020
40080940
84800020
40080948
84800020
40080950
84800020
40080958
84800020
40080960
84800020
40080968
84800020
40080970
84800020
40080978
84800020
40080980
84800020
40080988
84800020
40080990
84800020
40080998
84800020
400809a0
84800020
400809a8
84800020
400809b0
84800020
400809b8
84800020
400809c0
84800020
400809c8
84800020
400809d0
84800020
400809d8
84800020
400809e0
84800020
400809e8
84800020
400809f0
84800020
400809f8
84800020
40080a00
84800020
40080a08
84800020
40080a10
84800020
40080a18
84800020
40080a20
84800020
40080a28
84800020
40080a30
84800020
40080a38
84800020
40080a40
84800020
40080a48
84800020
40080a50
84800020
40080a58
84800020
40080a60
84800020
40080a68
84800020
40080a70
84800020
40080a78
84800020
40080a80
84800020
40080a88
84800020
40080a90
84800020
40080a98
84800020
40080aa0
84800020
40080aa8
84800020
40080ab0
84800020
40080ab8
84800020
40080ac0
84800020
40080ac8
84800020
40080ad0
84800020
40080ad8
84800020
40080ae0
84800020
40080ae8
84800020
40080af0
84800020
40080af8
84800020
40080b00
84800020
40080b08
84800020
40080b10
84800020
40080b18
84800020
40080b20
84800020
40080b28
84800020
40080b30
84800020
40080b38
84800020
40080b40
84800020
40080b48
84800020
40080b50
84800020
40080b58
84800020
40080b60
84800020
40080b68
84800020
40080b70
84800020
40080b78
84800020
40080b80
84800020
40080b88
84800020
40080b90
84800020
40080b98
84800020
40080ba0
84800020
40080ba8
84800020
40080bb0
84800020
40080bb8
84800020
40080bc0
84800020
40080bc8
84800020
40080bd0
84800020
40080bd8
84800020
40080be0
84800020
40080be8
84800020
40080bf0
84800020
40080bf8
84800020
40080c00
84800020
40080c08
84800020
40080c10
84800020
40080c18
84800020
40080c20
84800020
40080c28
84800020
40080c30
84800020
40080c38
84800020
40080c40
84800020
40080c48
84800020
40080c50
84800020
40080c58
84800020
40080c60
84800020
40080c68
84800020
40080c70
84800020
40080c78
84800020
40080c80
84800020
40080c88
84800020
40080c90
84800020
40080c98
84800020
40080ca0
84800020
40080ca8
84800020
40080cb0
84800020
40080cb8
84800020
40080cc0
84800020
40080cc8
84800020
40080cd0
84800020
40080cd8
84800020
40080ce0
84800020
40080ce8
84800020
40080cf0
84800020
40080cf8
84800020
40080d00
84800020
40080d08
84800020
40080d10
84800020
40080d18
84800020
40080d20
84800020
40080d28
84800020
40080d30
84800020
40080d38
84800020
40080d40
84800020
40080d48
84800020
40080d50
84800020
40080d58
84800020
40080d60
84800020
40080d68
84800020
40080d70
84800020
40080d78
84800020
40080d80
84800020
40080d88
84800020
40080d90
84800020
40080d98
84800020
40080da0
84800020
40080da8
84800020
40080db0
84800020
40080db8
84800020
40080dc0
84800020
40080dc8
84800020
40080dd0
84800020
40080dd8
84800020
40080de0
84800020
40080de8
84800020
40080df0
84800020
40080df8
84800020
40080e00
84800020
40080e08
84800020
40080e10
84800020
40080e18
84800020
40080e20
84800020
40080e28
84800020
40080e30
84800020
40080e38
84800020
40080e40
84800020
40080e48
84800020
40080e50
84800020
40080e58
84800020
40080e60
84800020
40080e68
84800020
40080e70
84800020
40080e78
84800020
40080e80
84800020
40080e88
84800020
40080e90
84800020
40080e98
84800020
40080ea0
84800020
40080ea8
84800020
40080eb0
84800020
40080eb8
84800020
40080ec0
84800020
40080ec8
84800020
40080ed0
84800020
40080ed8
84800020
40080ee0
84800020
40080ee8
84800020
40080ef0
84800020
40080ef8
84800020
40080f00
84800020
40080f08
84800020
40080f10
84800020
40080f18
84800020
40080f20
84800020
40080f28
84800020
40080f30
84800020
40080f38
84800020
40080f40
84800020
40080f48
84800020
40080f50
84800020
40080f58
84800020
40080f60
84800020
40080f68
84800020
40080f70
84800020
40080f78
84800020
40080f80
84800020
40080f88
84800020
40080f90
84800020
40080f98
84800020
40080fa0
84800020
40080fa8
84800020
40080fb0
84800020
40080fb8
84800020
40080fc0
84800020
40080fc8
84800020
40080fd0
84800020
40080fd8
84800020
40080fe0
84800020
40080fe8
84800020
40080ff0
84800020
40080ff8
84800020
40081000
84800020
40081008
84800020
40081010
84800020
40081018
84800020
40081020
84800020
40081028
84800020
40081030
84800020
40081038
84800020
40081040
84800020
40081048
84800020
40081050
84800020
40081058
84800020
40081060
84800020
40081068
84800020
40081070
84800020
40081078
84800020
40081080
84800020
40081088
84800020
40081090
84800020
40081098
84800020
400810a0
84800020
400810a8
84800020
400810b0
84800020
400810b8
84800020
400810c0
84800020
400810c8
84800020
400810d0
84800020
400810d8
84800020
400810e0
84800020
400810e8
84800020
400810f0
84800020
400810f8
84800020
40081100
84800020
40081108
84800020
40081110
84800020
40081118
84800020
40081120
84800020
40081128
84800020
40081130
84800020
40081138
84800020
40081140
84800020
40081148
84800020
40081150
84800020
40081158
84800020
40081160
84800020
40081168
84800020
40081170
84800020
40081178
84800020
40081180
84800020
40081188
84800020
40081190
84800020
40081198
84800020
400811a0
84800020
400811a8
84800020
400811b0
84800020
400811b8
84800020
400811c0
84800020
400811c8
84800020
400811d0
84800020
400811d8
84800020
400811e0
84800020
400811e8
84800020
400811f0
84800020
400811f8
84800020
40081200
84800020
40081208
84800020
40081210
84800020
40081218
84800020
40081220
84800020
40081228
84800020
40081230
84800020
40081238
84800020
40081240
84800020
40081248
84800020
40081250
84800020
40081258
84800020
40081260
84800020
40081268
84800020
40081270
84800020
40081278
84800020
40081280
84800020
40081288
84800020
40081290
84800020
40081298
84800020
400812a0
84800020
400812a8
84800020
400812b0
84800020
400812b8
84800020
400812c0
84800020
400812c8
84800020
400812d0
84800020
400812d8
84800020
400812e0
84800020
400812e8
84800020
400812f0
84800020
400812f8
84800020
40081300
84800020
40081308
84800020
40081310
84800020
40081318
84800020
40081320
84800020
40081328
84800020
40081330
84800020
40081338
84800020
40081340
84800020
40081348
84800020
40081350
84800020
40081358
84800020
40081360
84800020
40081368
84800020
40081370
84800020
40081378
84800020
40081380
84800020
40081388
84800020
40081390
84800020
40081398
84800020
400813a0
84800020
400813a8
84800020
400813b0
84800020
400813b8
84800020
400813c0
84800020
400813c8
84800020
400813d0
84800020
400813d8
84800020
400813e0
84800020
400813e8
84800020
400813f0
84800020
400813f8
84800020
40081400
84800020
40081408
84800020
40081410
84800020
40081418
84800020
40081420
84800020
40081428
84800020
40081430
84800020
40081438
84800020
40081440
84800020
40081448
84800020
40081450
84800020
40081458
84800020
40081460
84800020
40081468
84800020
40081470
84800020
40081478
84800020
40081480
84800020
40081488
84800020
40081490
84800020
40081498
84800020
400814a0
84800020
400814a8
84800020
400814b0
84800020
400814b8
84800020
400814c0
84800020
400814c8
84800020
400814d0
84800020
400814d8
84800020
400814e0
84800020
400814e8
84800020
400814f0
84800020
400814f8
84800020
40081500
84800020
40081508
84800020
40081510
84800020
40081518
84800020
40081520
84800020
40081528
84800020
40081530
84800020
40081538
84800020
40081540
84800020
40081548
84800020
40081550
84800020
40081558
84800020
40081560
84800020
40081568
84800020
40081570
84800020
40081578
84800020
40081580
84800020
40081588
84800020
40081590
84800020
40081598
84800020
400815a0
84800020
400815a8
84800020
400815b0
84800020
400815b8
84800020
400815c0
84800020
400815c8
84800020
400815d0
84800020
400815d8
84800020
400815e0
84800020
400815e8
84800020
400815f0
84800020
400815f8
84800020
40081600
84800020
40081608
84800020
40081610
84800020
40081618
84800020
40081620
84800020
40081628
84800020
40081630
84800020
40081638
84800020
40081640
84800020
40081648
84800020
40081650
84800020
40081658
84800020
40081660
84800020
40081668
84800020
40081670
84800020
40081678
84800020
40081680
84800020
40081688
84800020
40081690
84800020
40081698
84800020
400816a0
84800020
400816a8
84800020
400816b0
84800020
400816b8
84800020
400816c0
84800020
400816c8
84800020
400816d0
84800020
400816d8
84800020
400816e0
84800020
400816e8
84800020
400816f0
84800020
400816f8
84800020
40081700
84800020
40081708
84800020
40081710
84800020
40081718
84800020
40081720
84800020
40081728
84800020
40081730
84800020
40081738
84800020
40081740
84800020
40081748
84800020
40081750
84800020
40081758
84800020
40081760
84800020
40081768
84800020
40081770
84800020
40081778
84800020
40081780
84800020
40081788
84800020
40081790
84800020
40081798
84800020
400817a0
84800020
400817a8
84800020
400817b0
84800020
400817b8
84800020
400817c0
84800020
400817c8
84800020
400817d0
84800020
400817d8
84800020
400817e0
84800020
400817e8
84800020
400817f0
84800020
400817f8
84800020
40081800
84800020
40081808
84800020
40081810
84800020
40081818
84800020
40081820
84800020
40081828
84800020
40081830
84800020
40081838
84800020
40081840
84800020
40081848
84800020
40081850
84800020
40081858
84800020
40081860
84800020
40081868
84800020
40081870
84800020
40081878
84800020
40081880
84800020
40081888
84800020
40081890
84800020
40081898
84800020
400818a0
84800020
400818a8
84800020
400818b0
84800020
400818b8
84800020
400818c0
84800020
400818c8
84800020
400818d0
84800020
400818d8
84800020
400818e0
84800020
400818e8
84800020
400818f0
84800020
400818f8
84800020
40081900
84800020
40081908
84800020
40081910
84800020
40081918
84800020
40081920
84800020
40081928
84800020
40081930
84800020
40081938
84800020
40081940
84800020
40081948
84800020
40081950
84800020
40081958
84800020
40081960
84800020
40081968
84800020
40081970
84800020
40081978
84800020
40081980
84800020
40081988
84800020
40081990
84800020
40081998
84800020
400819a0
84800020
400819a8
84800020
400819b0
84800020
400819b8
84800020
400819c0
84800020
400819c8
84800020
400819d0
84800020
400819d8
84800020
400819e0
84800020
400819e8
84800020
400819f0
84800020
400819f8
84800020
40081a00
84800020
40081a08
84800020
40081a10
84800020
40081a18
84800020
40081a20
84800020
40081a28
84800020
40081a30
84800020
40081a38
84800020
40081a40
84800020
40081a48
84800020
40081a50
84800020
40081a58
84800020
40081a60
84800020
40081a68
84800020
40081a70
84800020
40081a78
84800020
40081a80
84800020
40081a88
84800020
40081a90
84800020
40081a98
84800020
40081aa0
84800020
40081aa8
84800020
40081ab0
84800020
40081ab8
84800020
40081ac0
84800020
40081ac8
84800020
40081ad0
84800020
40081ad8
84800020
40081ae0
84800020
40081ae8
84800020
40081af0
84800020
40081af8
84800020
40081b00
84800020
40081b08
84800020
40081b10
84800020
40081b18
84800020
40081b20
84800020
40081b28
84800020
40081b30
84800020
40081b38
84800020
40081b40
84800020
40081b48
84800020
40081b50
84800020
40081b58
84800020
40081b60
84800020
40081b68
84800020
40081b70
84800020
40081b78
84800020
40081b80
84800020
40081b88
84800020
40081b90
84800020
40081b98
84800020
40081ba0
84800020
40081ba8
84800020
40081bb0
84800020
40081bb8
84800020
40081bc0
84800020
40081bc8
84800020
40081bd0
84800020
40081bd8
84800020
40081be0
84800020
40081be8
84800020
40081bf0
84800020
40081bf8
84800020
40081c00
84800020
40081c08
84800020
40081c10
84800020
40081c18
84800020
40081c20
84800020
40081c28
84800020
40081c30
84800020
40081c38
84800020
40081c40
84800020
40081c48
84800020
40081c50
84800020
40081c58
84800020
40081c60
84800020
40081c68
84800020
40081c70
84800020
40081c78
84800020
40081c80
84800020
40081c88
84800020
40081c90
84800020
40081c98
84800020
40081ca0
84800020
40081ca8
84800020
40081cb0
84800020
40081cb8
84800020
40081cc0
84800020
40081cc8
84800020
40081cd0
84800020
40081cd8
84800020
40081ce0
84800020
40081ce8
84800020
40081cf0
84800020
40081cf8
84800020
40081d00
84800020
40081d08
84800020
40081d10
84800020
40081d18
84800020
40081d20
84800020
40081d28
84800020
40081d30
84800020
40081d38
84800020
40081d40
84800020
40081d48
84800020
40081d50
84800020
40081d58
84800020
40081d60
84800020
40081d68
84800020
40081d70
84800020
40081d78
84800020
40081d80
84800020
40081d88
84800020
40081d90
84800020
40081d98
84800020
40081da0
84800020
40081da8
84800020
40081db0
84800020
40081db8
84800020
40081dc0
84800020
40081dc8
84800020
40081dd0
84800020
40081dd8
84800020
40081de0
84800020
40081de8
84800020
40081df0
84800020
40081df8
84800020
40081e00
84800020
40081e08
84800020
40081e10
84800020
40081e18
84800020
40081e20
84800020
40081e28
84800020
40081e30
84800020
40081e38
84800020
40081e40
84800020
40081e48
84800020
40081e50
84800020
40081e58
84800020
40081e60
84800020
40081e68
84800020
40081e70
84800020
40081e78
84800020
40081e80
84800020
40081e88
84800020
40081e90
84800020
40081e98
84800020
40081ea0
84800020
40081ea8
84800020
40081eb0
84800020
40081eb8
84800020
40081ec0
84800020
40081ec8
84800020
40081ed0
84800020
40081ed8
84800020
40081ee0
84800020
40081ee8
84800020
40081ef0
84800020
40081ef8
84800020
40081f00
84800020
40081f08
84800020
40081f10
84800020
40081f18
84800020
40081f20
84800020
40081f28
84800020
40081f30
84800020
40081f38
84800020
40081f40
84800020
40081f48
84800020
40081f50
84800020
40081f58
84800020
40081f60
84800020
40081f68
84800020
40081f70
84800020
40081f78
84800020
40081f80
84800020
40081f88
84800020
40081f90
84800020
40081f98
84800020
40081fa0
84800020
40081fa8
84800020
40081fb0
84800020
40081fb8
84800020
40081fc0
84800020
40081fc8
84800020
40081fd0
84800020
40081fd8
84800020
40081fe0
84800020
40081fe8
84800020
40081ff0
84800020
40081ff8
84800020
40082000
84800020
40082008
84800020
40082010
84800020
40082018
84800020
40082020
84800020
40082028
84800020
40082030
84800020
40082038
84800020
40082040
84800020
40082048
84800020
40082050
84800020
40082058
84800020
40082060
84800020
40082068
84800020
40082070
84800020
40082078
84800020
40082080
84800020
40082088
84800020
40082090
84800020
40082098
84800020
400820a0
84800020
400820a8
84800020
400820b0
84800020
400820b8
84800020
400820c0
84800020
400820c8
84800020
400820d0
84800020
400820d8
84800020
400820e0
84800020
400820e8
84800020
400820f0
84800020
400820f8
84800020
40082100
84800020
40082108
84800020
40082110
84800020
40082118
84800020
40082120
84800020
40082128
84800020
40082130
84800020
40082138
84800020
40082140
84800020
40082148
84800020
40082150
84800020
40082158
84800020
40082160
84800020
40082168
84800020
40082170
84800020
40082178
84800020
40082180
84800020
40082188
84800020
40082190
84800020
40082198
84800020
400821a0
84800020
400821a8
84800020
400821b0
84800020
400821b8
84800020
400821c0
84800020
400821c8
84800020
400821d0
84800020
400821d8
84800020
400821e0
84800020
400821e8
84800020
400821f0
84800020
400821f8
84800020
40082200
84800020
40082208
84800020
40082210
84800020
40082218
84800020
40082220
84800020
40082228
84800020
40082230
84800020
40082238
84800020
40082240
84800020
40082248
84800020
40082250
84800020
40082258
84800020
40082260
84800020
40082268
84800020
40082270
84800020
40082278
84800020
40082280
84800020
40082288
84800020
40082290
84800020
40082298
84800020
400822a0
84800020
400822a8
84800020
400822b0
84800020
400822b8
84800020
400822c0
84800020
400822c8
84800020
400822d0
84800020
400822d8
84800020
400822e0
84800020
400822e8
84800020
400822f0
84800020
400822f8
84800020
40082300
84800020
40082308
84800020
40082310
84800020
40082318
84800020
40082320
84800020
40082328
84800020
40082330
84800020
40082338
84800020
40082340
84800020
40082348
84800020
40082350
84800020
40082358
84800020
40082360
84800020
40082368
84800020
40082370
84800020
40082378
84800020
40082380
84800020
40082388
84800020
40082390
84800020
40082398
84800020
400823a0
84800020
400823a8
84800020
400823b0
84800020
400823b8
84800020
400823c0
84800020
400823c8
84800020
400823d0
84800020
400823d8
84800020
400823e0
84800020
400823e8
84800020
400823f0
84800020
400823f8
84800020
40082400
84800020
40082408
84800020
40082410
84800020
40082418
84800020
40082420
84800020
40082428
84800020
40082430
84800020
40082438
84800020
40082440
84800020
40082448
84800020
40082450
84800020
40082458
84800020
40082460
84800020
40082468
84800020
40082470
84800020
40082478
84800020
40082480
84800020
40082488
84800020
40082490
84800020
40082498
84800020
400824a0
84800020
400824a8
84800020
400824b0
84800020
400824b8
84800020
400824c0
84800020
400824c8
84800020
400824d0
84800020
400824d8
84800020
400824e0
84800020
400824e8
84800020
400824f0
84800020
400824f8
84800020
40082500
84800020
40082508
84800020
40082510
84800020
40082518
84800020
40082520
84800020
40082528
84800020
40082530
84800020
40082538
84800020
40082540
84800020
40082548
84800020
40082550
84800020
40082558
84800020
40082560
84800020
40082568
84800020
40082570
84800020
40082578
84800020
40082580
84800020
40082588
84800020
40082590
84800020
40082598
84800020
400825a0
84800020
400825a8
84800020
400825b0
84800020
400825b8
84800020
400825c0
84800020
400825c8
84800020
400825d0
84800020
400825d8
84800020
400825e0
84800020
400825e8
84800020
400825f0
84800020
400825f8
84800020
40082600
84800020
40082608
84800020
40082610
84800020
40082618
84800020
40082620
84800020
40082628
84800020
40082630
84800020
40082638
84800020
40082640
84800020
40082648
84800020
40082650
84800020
40082658
84800020
40082660
84800020
40082668
84800020
40082670
84800020
40082678
84800020
40082680
84800020
40082688
84800020
40082690
84800020
40082698
84800020
400826a0
84800020
400826a8
84800020
400826b0
84800020
400826b8
84800020
400826c0
84800020
400826c8
84800020
400826d0
84800020
400826d8
84800020
400826e0
84800020
400826e8
84800020
400826f0
84800020
400826f8
84800020
40082700
84800020
40082708
84800020
40082710
84800020
40082718
84800020
40082720
84800020
40082728
84800020
40082730
84800020
40082738
84800020
40082740
84800020
40082748
84800020
40082750
84800020
40082758
84800020
40082760
84800020
40082768
84800020
40082770
84800020
40082778
84800020
40082780
84800020
40082788
84800020
40082790
84800020
40082798
84800020
400827a0
84800020
400827a8
84800020
400827b0
84800020
400827b8
84800020
400827c0
84800020
400827c8
84800020
400827d0
84800020
400827d8
84800020
400827e0
84800020
400827e8
84800020
400827f0
84800020
400827f8
84800020
40082800
84800020
40082808
84800020
40082810
84800020
40082818
84800020
40082820
84800020
40082828
84800020
40082830
84800020
40082838
84800020
40082840
84800020
40082848
84800020
40082850
84800020
40082858
84800020
40082860
84800020
40082868
84800020
40082870
84800020
40082878
84800020
40082880
84800020
40082888
84800020
40082890
84800020
40082898
84800020
400828a0
84800020
400828a8
84800020
400828b0
84800020
400828b8
84800020
400828c0
84800020
400828c8
84800020
400828d0
84800020
400828d8
84800020
400828e0
84800020
400828e8
84800020
400828f0
84800020
400828f8
84800020
40082900
84800020
40082908
84800020
40082910
84800020
40082918
84800020
40082920
84800020
40082928
84800020
40082930
84800020
40082938
84800020
40082940
84800020
40082948
84800020
40082950
84800020
40082958
84800020
40082960
84800020
40082968
84800020
40082970
84800020
40082978
84800020
40082980
84800020
40082988
84800020
40082990
84800020
40082998
84800020
400829a0
84800020
400829a8
84800020
400829b0
84800020
400829b8
84800020
400829c0
84800020
400829c8
84800020
400829d0
84800020
400829d8
84800020
400829e0
84800020
400829e8
84800020
400829f0
84800020
400829f8
84800020
40082a00
84800020
40082a08
84800020
40082a10
84800020
40082a18
84800020
40082a20
84800020
40082a28
84800020
40082a30
84800020
40082a38
84800020
40082a40
84800020
40082a48
84800020
40082a50
84800020
40082a58
84800020
40082a60
84800020
40082a68
84800020
40082a70
84800020
40082a78
84800020
40082a80
84800020
40082a88
84800020
40082a90
84800020
40082a98
84800020
40082aa0
84800020
40082aa8
84800020
40082ab0
84800020
40082ab8
84800020
40082ac0
84800020
40082ac8
84800020
40082ad0
84800020
40082ad8
84800020
40082ae0
84800020
40082ae8
84800020
40082af0
84800020
40082af8
84800020
40082b00
84800020
40082b08
84800020
40082b10
84800020
40082b18
84800020
40082b20
84800020
40082b28
84800020
40082b30
84800020
40082b38
84800020
40082b40
84800020
40082b48
84800020
40082b50
84800020
40082b58
84800020
40082b60
84800020
40082b68
84800020
40082b70
84800020
40082b78
84800020
40082b80
84800020
40082b88
84800020
40082b90
84800020
40082b98
84800020
40082ba0
84800020
40082ba8
84800020
40082bb0
84800020
40082bb8
84800020
40082bc0
84800020
40082bc8
84800020
40082bd0
84800020
40082bd8
84800020
40082be0
84800020
40082be8
84800020
40082bf0
84800020
40082bf8
84800020
40082c00
84800020
40082c08
84800020
40082c10
84800020
40082c18
84800020
40082c20
84800020
40082c28
84800020
40082c30
84800020
40082c38
84800020
40082c40
84800020
40082c48
84800020
40082c50
84800020
40082c58
84800020
40082c60
84800020
40082c68
84800020
40082c70
84800020
40082c78
84800020
40082c80
84800020
40082c88
84800020
40082c90
84800020
40082c98
84800020
40082ca0
84800020
40082ca8
84800020
40082cb0
84800020
40082cb8
84800020
40082cc0
84800020
40082cc8
84800020
40082cd0
84800020
40082cd8
84800020
40082ce0
84800020
40082ce8
84800020
40082cf0
84800020
40082cf8
84800020
40082d00
84800020
40082d08
84800020
40082d10
84800020
40082d18
84800020
40082d20
84800020
40082d28
84800020
40082d30
84800020
40082d38
84800020
40082d40
84800020
40082d48
84800020
40082d50
84800020
40082d58
84800020
40082d60
84800020
40082d68
84800020
40082d70
84800020
40082d78
84800020
40082d80
84800020
40082d88
84800020
40082d90
84800020
40082d98
84800020
40082da0
84800020
40082da8
84800020
40082db0
84800020
40082db8
84800020
40082dc0
84800020
40082dc8
84800020
40082dd0
84800020
40082dd8
84800020
40082de0
84800020
40082de8
84800020
40082df0
84800020
40082df8
84800020
40082e00
84800020
40082e08
84800020
40082e10
84800020
40082e18
84800020
40082e20
84800020
40082e28
84800020
40082e30
84800020
40082e38
84800020
40082e40
84800020
40082e48
84800020
40082e50
84800020
40082e58
84800020
40082e60
84800020
40082e68
84800020
40082e70
84800020
40082e78
84800020
40082e80
84800020
40082e88
84800020
40082e90
84800020
40082e98
84800020
40082ea0
84800020
40082ea8
84800020
40082eb0
84800020
40082eb8
84800020
40082ec0
84800020
40082ec8
84800020
40082ed0
84800020
40082ed8
84800020
40082ee0
84800020
40082ee8
84800020
40082ef0
84800020
40082ef8
84800020
40082f00
84800020
40082f08
84800020
40082f10
84800020
40082f18
84800020
40082f20
84800020
40082f28
84800020
40082f30
84800020
40082f38
84800020
40082f40
84800020
40082f48
84800020
40082f50
84800020
40082f58
84800020
40082f60
84800020
40082f68
84800020
40082f70
84800020
40082f78
84800020
40082f80
84800020
40082f88
84800020
40082f90
84800020
40082f98
84800020
40082fa0
84800020
40082fa8
84800020
40082fb0
84800020
40082fb8
84800020
40082fc0
84800020
40082fc8
84800020
40082fd0
84800020
40082fd8
84800020
40082fe0
84800020
40082fe8
84800020
40082ff0
84800020
40082ff8
84800020
40083000
84800020
40083008
84800020
40083010
84800020
40083018
84800020
40083020
84800020
40083028
84800020
40083030
84800020
40083038
84800020
40083040
84800020
40083048
84800020
40083050
84800020
40083058
84800020
40083060
84800020
40083068
84800020
40083070
84800020
40083078
84800020
40083080
84800020
40083088
84800020
40083090
84800020
40083098
84800020
400830a0
84800020
400830a8
84800020
400830b0
84800020
400830b8
84800020
400830c0
84800020
400830c8
84800020
400830d0
84800020
400830d8
84800020
400830e0
84800020
400830e8
84800020
400830f0
84800020
400830f8
84800020
40083100
84800020
40083108
84800020
40083110
84800020
40083118
84800020
40083120
84800020
40083128
84800020
40083130
84800020
40083138
84800020
40083140
84800020
40083148
84800020
40083150
84800020
40083158
84800020
40083160
84800020
40083168
84800020
40083170
84800020
40083178
84800020
40083180
84800020
40083188
84800020
40083190
84800020
40083198
84800020
400831a0
84800020
400831a8
84800020
400831b0
84800020
400831b8
84800020
400831c0
84800020
400831c8
84800020
400831d0
84800020
400831d8
84800020
400831e0
84800020
400831e8
84800020
400831f0
84800020
400831f8
84800020
40083200
84800020
40083208
84800020
40083210
84800020
40083218
84800020
40083220
84800020
40083228
84800020
40083230
84800020
40083238
84800020
40083240
84800020
40083248
84800020
40083250
84800020
40083258
84800020
40083260
84800020
40083268
84800020
40083270
84800020
40083278
84800020
40083280
84800020
40083288
84800020
40083290
84800020
40083298
84800020
400832a0
84800020
400832a8
84800020
400832b0
84800020
400832b8
84800020
400832c0
84800020
400832c8
84800020
400832d0
84800020
400832d8
84800020
400832e0
84800020
400832e8
84800020
400832f0
84800020
400832f8
84800020
40083300
84800020
40083308
84800020
40083310
84800020
40083318
84800020
40083320
84800020
40083328
84800020
40083330
84800020
40083338
84800020
40083340
84800020
40083348
84800020
40083350
84800020
40083358
84800020
40083360
84800020
40083368
84800020
40083370
84800020
40083378
84800020
40083380
84800020
40083388
84800020
40083390
84800020
40083398
84800020
400833a0
84800020
400833a8
84800020
400833b0
84800020
400833b8
84800020
400833c0
84800020
400833c8
84800020
400833d0
84800020
400833d8
84800020
400833e0
84800020
400833e8
84800020
400833f0
84800020
400833f8
84800020
40083400
84800020
40083408
84800020
40083410
84800020
40083418
84800020
40083420
84800020
40083428
84800020
40083430
84800020
40083438
84800020
40083440
84800020
40083448
84800020
40083450
84800020
40083458
84800020
40083460
84800020
40083468
84800020
40083470
84800020
40083478
84800020
40083480
84800020
40083488
84800020
40083490
84800020
40083498
84800020
400834a0
84800020
400834a8
84800020
400834b0
84800020
400834b8
84800020
400834c0
84800020
400834c8
84800020
400834d0
84800020
400834d8
84800020
400834e0
84800020
400834e8
84800020
400834f0
84800020
400834f8
84800020
40083500
84800020
40083508
84800020
40083510
84800020
40083518
84800020
40083520
84800020
40083528
84800020
40083530
84800020
40083538
84800020
40083540
84800020
40083548
84800020
40083550
84800020
40083558
84800020
40083560
84800020
40083568
84800020
40083570
84800020
40083578
84800020
40083580
84800020
40083588
84800020
40083590
84800020
40083598
84800020
400835a0
84800020
400835a8
84800020
400835b0
84800020
400835b8
84800020
400835c0
84800020
400835c8
84800020
400835d0
84800020
400835d8
84800020
400835e0
84800020
400835e8
84800020
400835f0
84800020
400835f8
84800020
40083600
84800020
40083608
84800020
40083610
84800020
40083618
84800020
40083620
84800020
40083628
84800020
40083630
84800020
40083638
84800020
40083640
84800020
40083648
84800020
40083650
84800020
40083658
84800020
40083660
84800020
40083668
84800020
40083670
84800020
40083678
84800020
40083680
84800020
40083688
84800020
40083690
84800020
40083698
84800020
400836a0
84800020
400836a8
84800020
400836b0
84800020
400836b8
84800020
400836c0
84800020
400836c8
84800020
400836d0
84800020
400836d8
84800020
400836e0
84800020
400836e8
84800020
400836f0
84800020
400836f8
84800020
40083700
84800020
40083708
84800020
40083710
84800020
40083718
84800020
40083720
84800020
40083728
84800020
40083730
84800020
40083738
84800020
40083740
84800020
40083748
84800020
40083750
84800020
40083758
84800020
40083760
84800020
40083768
84800020
40083770
84800020
40083778
84800020
40083780
84800020
40083788
84800020
40083790
84800020
40083798
84800020
400837a0
84800020
400837a8
84800020
400837b0
84800020
400837b8
84800020
400837c0
84800020
400837c8
84800020
400837d0
84800020
400837d8
84800020
400837e0
84800020
400837e8
84800020
400837f0
84800020
400837f8
84800020
40083800
84800020
40083808
84800020
40083810
84800020
40083818
84800020
40083820
84800020
40083828
84800020
40083830
84800020
40083838
84800020
40083840
84800020
40083848
84800020
40083850
84800020
40083858
84800020
40083860
84800020
40083868
84800020
40083870
84800020
40083878
84800020
40083880
84800020
40083888
84800020
40083890
84800020
40083898
84800020
400838a0
84800020
400838a8
84800020
400838b0
84800020
400838b8
84800020
400838c0
84800020
400838c8
84800020
400838d0
84800020
400838d8
84800020
400838e0
84800020
400838e8
84800020
400838f0
84800020
400838f8
84800020
40083900
84800020
40083908
84800020
40083910
84800020
40083918
84800020
40083920
84800020
40083928
84800020
40083930
84800020
40083938
84800020
40083940
84800020
40083948
84800020
40083950
84800020
40083958
84800020
40083960
84800020
40083968
84800020
40083970
84800020
40083978
84800020
40083980
84800020
40083988
84800020
40083990
84800020
40083998
84800020
400839a0
84800020
400839a8
84800020
400839b0
84800020
400839b8
84800020
400839c0
84800020
400839c8
84800020
400839d0
84800020
400839d8
84800020
400839e0
84800020
400839e8
84800020
400839f0
84800020
400839f8
84800020
40083a00
84800020
40083a08
84800020
40083a10
84800020
40083a18
84800020
40083a20
84800020
40083a28
84800020
40083a30
84800020
40083a38
84800020
40083a40
84800020
40083a48
84800020
40083a50
84800020
40083a58
84800020
40083a60
84800020
40083a68
84800020
40083a70
84800020
40083a78
84800020
40083a80
84800020
40083a88
84800020
40083a90
84800020
40083a98
84800020
40083aa0
84800020
40083aa8
84800020
40083ab0
84800020
40083ab8
84800020
40083ac0
84800020
40083ac8
84800020
40083ad0
84800020
40083ad8
84800020
40083ae0
84800020
40083ae8
84800020
40083af0
84800020
40083af8
84800020
40083b00
84800020
40083b08
84800020
40083b10
84800020
40083b18
84800020
40083b20
84800020
40083b28
84800020
40083b30
84800020
40083b38
84800020
40083b40
84800020
40083b48
84800020
40083b50
84800020
40083b58
84800020
40083b60
84800020
40083b68
84800020
40083b70
84800020
40083b78
84800020
40083b80
84800020
40083b88
84800020
40083b90
84800020
40083b98
84800020
40083ba0
84800020
40083ba8
84800020
40083bb0
84800020
40083bb8
84800020
40083bc0
84800020
40083bc8
84800020
40083bd0
84800020
40083bd8
84800020
40083be0
84800020
40083be8
84800020
40083bf0
84800020
40083bf8
84800020
40083c00
84800020
40083c08
84800020
40083c10
84800020
40083c18
84800020
40083c20
84800020
40083c28
84800020
40083c30
84800020
40083c38
84800020
40083c40
84800020
40083c48
84800020
40083c50
84800020
40083c58
84800020
40083c60
84800020
40083c68
84800020
40083c70
84800020
40083c78
84800020
40083c80
84800020
40083c88
84800020
40083c90
84800020
40083c98
84800020
40083ca0
84800020
40083ca8
84800020
40083cb0
84800020
40083cb8
84800020
40083cc0
84800020
40083cc8
84800020
40083cd0
84800020
40083cd8
84800020
40083ce0
84800020
40083ce8
84800020
40083cf0
84800020
40083cf8
84800020
40083d00
84800020
40083d08
84800020
40083d10
84800020
40083d18
84800020
40083d20
84800020
40083d28
84800020
40083d30
84800020
40083d38
84800020
40083d40
84800020
40083d48
84800020
40083d50
84800020
40083d58
84800020
40083d60
84800020
40083d68
84800020
40083d70
84800020
40083d78
84800020
40083d80
84800020
40083d88
84800020
40083d90
84800020
40083d98
84800020
40083da0
84800020
40083da8
84800020
40083db0
84800020
40083db8
84800020
40083dc0
84800020
40083dc8
84800020
40083dd0
84800020
40083dd8
84800020
40083de0
84800020
40083de8
84800020
40083df0
84800020
40083df8
84800020
40083e00
84800020
40083e08
84800020
40083e10
84800020
40083e18
84800020
40083e20
84800020
40083e28
84800020
40083e30
84800020
40083e38
84800020
40083e40
84800020
40083e48
84800020
40083e50
84800020
40083e58
84800020
40083e60
84800020
40083e68
84800020
40083e70
84800020
40083e78
84800020
40083e80
84800020
40083e88
84800020
40083e90
84800020
40083e98
84800020
40083ea0
84800020
40083ea8
84800020
40083eb0
84800020
40083eb8
84800020
40083ec0
84800020
40083ec8
84800020
40083ed0
84800020
40083ed8
84800020
40083ee0
84800020
40083ee8
84800020
40083ef0
84800020
40083ef8
84800020
40083f00
84800020
40083f08
84800020
40083f10
84800020
40083f18
84800020
40083f20
84800020
40083f28
84800020
40083f30
84800020
40083f38
84800020
40083f40
84800020
40083f48
84800020
40083f50
84800020
40083f58
84800020
40083f60
84800020
40083f68
84800020
40083f70
84800020
40083f78
84800020
40083f80
84800020
40083f88
84800020
40083f90
84800020
40083f98
84800020
40083fa0
84800020
40083fa8
84800020
40083fb0
84800020
40083fb8
84800020
40083fc0
84800020
40083fc8
84800020
40083fd0
84800020
40083fd8
84800020
40083fe0
84800020
40083fe8
84800020
40083ff0
84800020
40083ff8
84800020
40084000
84800020
40084008
84800020
40084010
84800020
40084018
84800020
40084020
84800020
40084028
84800020
40084030
84800020
40084038
84800020
40084040
84800020
40084048
84800020
40084050
84800020
40084058
84800020
40084060
84800020
40084068
84800020
40084070
84800020
40084078
84800020
40084080
84800020
40084088
84800020
40084090
84800020
40084098
84800020
400840a0
84800020
400840a8
84800020
400840b0
84800020
400840b8
84800020
400840c0
84800020
400840c8
84800020
400840d0
84800020
400840d8
84800020
400840e0
84800020
400840e8
84800020
400840f0
84800020
400840f8
84800020
40084100
84800020
40084108
84800020
40084110
84800020
40084118
84800020
40084120
84800020
40084128
84800020
40084130
84800020
40084138
84800020
40084140
84800020
40084148
84800020
40084150
84800020
40084158
84800020
40084160
84800020
40084168
84800020
40084170
84800020
40084178
84800020
40084180
84800020
40084188
84800020
40084190
84800020
40084198
84800020
400841a0
84800020
400841a8
84800020
400841b0
84800020
400841b8
84800020
400841c0
84800020
400841c8
84800020
400841d0
84800020
400841d8
84800020
400841e0
84800020
400841e8
84800020
400841f0
84800020
400841f8
84800020
40084200
84800020
40084208
84800020
40084210
84800020
40084218
84800020
40084220
84800020
40084228
84800020
40084230
84800020
40084238
84800020
40084240
84800020
40084248
84800020
40084250
84800020
40084258
84800020
40084260
84800020
40084268
84800020
40084270
84800020
40084278
84800020
40084280
84800020
40084288
84800020
40084290
84800020
40084298
84800020
400842a0
84800020
400842a8
84800020
400842b0
84800020
400842b8
84800020
400842c0
84800020
400842c8
84800020
400842d0
84800020
400842d8
84800020
400842e0
84800020
400842e8
84800020
400842f0
84800020
400842f8
84800020
40084300
84800020
40084308
84800020
40084310
84800020
40084318
84800020
40084320
84800020
40084328
84800020
40084330
84800020
40084338
84800020
40084340
84800020
40084348
84800020
40084350
84800020
40084358
84800020
40084360
84800020
40084368
84800020
40084370
84800020
40084378
84800020
40084380
84800020
40084388
84800020
40084390
84800020
40084398
84800020
400843a0
84800020
400843a8
84800020
400843b0
84800020
400843b8
84800020
400843c0
84800020
400843c8
84800020
400843d0
84800020
400843d8
84800020
400843e0
84800020
400843e8
84800020
400843f0
84800020
400843f8
84800020
40084400
84800020
40084408
84800020
40084410
84800020
40084418
84800020
40084420
84800020
40084428
84800020
40084430
84800020
40084438
84800020
40084440
84800020
40084448
84800020
40084450
84800020
40084458
84800020
40084460
84800020
40084468
84800020
40084470
84800020
40084478
84800020
40084480
84800020
40084488
84800020
40084490
84800020
40084498
84800020
400844a0
84800020
400844a8
84800020
400844b0
84800020
400844b8
84800020
400844c0
84800020
400844c8
84800020
400844d0
84800020
400844d8
84800020
400844e0
84800020
400844e8
84800020
400844f0
84800020
400844f8
84800020
40084500
84800020
40084508
84800020
40084510
84800020
40084518
84800020
40084520
84800020
40084528
84800020
40084530
84800020
40084538
84800020
40084540
84800020
40084548
84800020
40084550
84800020
40084558
84800020
40084560
84800020
40084568
84800020
40084570
84800020
40084578
84800020
40084580
84800020
40084588
84800020
40084590
84800020
40084598
84800020
400845a0
84800020
400845a8
84800020
400845b0
84800020
400845b8
84800020
400845c0
84800020
400845c8
84800020
400845d0
84800020
400845d8
84800020
400845e0
84800020
400845e8
84800020
400845f0
84800020
400845f8
84800020
40084600
84800020
40084608
84800020
40084610
84800020
40084618
84800020
40084620
84800020
40084628
84800020
40084630
84800020
40084638
84800020
40084640
84800020
40084648
84800020
40084650
84800020
40084658
84800020
40084660
84800020
40084668
84800020
40084670
84800020
40084678
84800020
40084680
84800020
40084688
84800020
40084690
84800020
40084698
84800020
400846a0
84800020
400846a8
84800020
400846b0
84800020
400846b8
84800020
400846c0
84800020
400846c8
84800020
400846d0
84800020
400846d8
84800020
400846e0
84800020
400846e8
84800020
400846f0
84800020
400846f8
84800020
40084700
84800020
40084708
84800020
40084710
84800020
40084718
84800020
40084720
84800020
40084728
84800020
40084730
84800020
40084738
84800020
40084740
84800020
40084748
84800020
40084750
84800020
40084758
84800020
40084760
84800020
40084768
84800020
40084770
84800020
40084778
84800020
40084780
84800020
40084788
84800020
40084790
84800020
40084798
84800020
400847a0
84800020
400847a8
84800020
400847b0
84800020
400847b8
84800020
400847c0
84800020
400847c8
84800020
400847d0
84800020
400847d8
84800020
400847e0
84800020
400847e8
84800020
400847f0
84800020
400847f8
84800020
40084800
84800020
40084808
84800020
40084810
84800020
40084818
84800020
40084820
84800020
40084828
84800020
40084830
84800020
40084838
84800020
40084840
84800020
40084848
84800020
40084850
84800020
40084858
84800020
40084860
84800020
40084868
84800020
40084870
84800020
40084878
84800020
40084880
84800020
40084888
84800020
40084890
84800020
40084898
84800020
400848a0
84800020
400848a8
84800020
400848b0
84800020
400848b8
84800020
400848c0
84800020
400848c8
84800020
400848d0
84800020
400848d8
84800020
400848e0
84800020
400848e8
84800020
400848f0
84800020
400848f8
84800020
40084900
84800020
40084908
84800020
40084910
84800020
40084918
84800020
40084920
84800020
40084928
84800020
40084930
84800020
40084938
84800020
40084940
84800020
40084948
84800020
40084950
84800020
40084958
84800020
40084960
84800020
40084968
84800020
40084970
84800020
40084978
84800020
40084980
84800020
40084988
84800020
40084990
84800020
40084998
84800020
400849a0
84800020
400849a8
84800020
400849b0
84800020
400849b8
84800020
400849c0
84800020
400849c8
84800020
400849d0
84800020
400849d8
84800020
400849e0
84800020
400849e8
84800020
400849f0
84800020
400849f8
84800020
40084a00
84800020
40084a08
84800020
40084a10
84800020
40084a18
84800020
40084a20
84800020
40084a28
84800020
40084a30
84800020
40084a38
84800020
40084a40
84800020
40084a48
84800020
40084a50
84800020
40084a58
84800020
40084a60
84800020
40084a68
84800020
40084a70
84800020
40084a78
84800020
40084a80
84800020
40084a88
84800020
40084a90
84800020
40084a98
84800020
40084aa0
84800020
40084aa8
84800020
40084ab0
84800020
40084ab8
84800020
40084ac0
84800020
40084ac8
84800020
40084ad0
84800020
40084ad8
84800020
40084ae0
84800020
40084ae8
84800020
40084af0
84800020
40084af8
84800020
40084b00
84800020
40084b08
84800020
40084b10
84800020
40084b18
84800020
40084b20
84800020
40084b28
84800020
40084b30
84800020
40084b38
84800020
40084b40
84800020
40084b48
84800020
40084b50
84800020
40084b58
84800020
40084b60
84800020
40084b68
84800020
40084b70
84800020
40084b78
84800020
40084b80
84800020
40084b88
84800020
40084b90
84800020
40084b98
84800020
40084ba0
84800020
40084ba8
84800020
40084bb0
84800020
40084bb8
84800020
40084bc0
84800020
40084bc8
84800020
40084bd0
84800020
40084bd8
84800020
40084be0
84800020
40084be8
84800020
40084bf0
84800020
40084bf8
84800020
40084c00
84800020
40084c08
84800020
40084c10
84800020
40084c18
84800020
40084c20
84800020
40084c28
84800020
40084c30
84800020
40084c38
84800020
40084c40
84800020
40084c48
84800020
40084c50
84800020
40084c58
84800020
40084c60
84800020
40084c68
84800020
40084c70
84800020
40084c78
84800020
40084c80
84800020
40084c88
84800020
40084c90
84800020
40084c98
84800020
40084ca0
84800020
40084ca8
84800020
40084cb0
84800020
40084cb8
84800020
40084cc0
84800020
40084cc8
84800020
40084cd0
84800020
40084cd8
84800020
40084ce0
84800020
40084ce8
84800020
40084cf0
84800020
40084cf8
84800020
40084d00
84800020
40084d08
84800020
40084d10
84800020
40084d18
84800020
40084d20
84800020
40084d28
84800020
40084d30
84800020
40084d38
84800020
40084d40
84800020
40084d48
84800020
40084d50
84800020
40084d58
84800020
40084d60
84800020
40084d68
84800020
40084d70
84800020
40084d78
84800020
40084d80
84800020
40084d88
84800020
40084d90
84800020
40084d98
84800020
40084da0
84800020
40084da8
84800020
40084db0
84800020
40084db8
84800020
40084dc0
84800020
40084dc8
84800020
40084dd0
84800020
40084dd8
84800020
40084de0
84800020
40084de8
84800020
40084df0
84800020
40084df8
84800020
40084e00
84800020
40084e08
84800020
40084e10
84800020
40084e18
84800020
40084e20
84800020
40084e28
84800020
40084e30
84800020
40084e38
84800020
40084e40
84800020
40084e48
84800020
40084e50
84800020
40084e58
84800020
40084e60
84800020
40084e68
84800020
40084e70
84800020
40084e78
84800020
40084e80
84800020
40084e88
84800020
40084e90
84800020
40084e98
84800020
40084ea0
84800020
40084ea8
84800020
40084eb0
84800020
40084eb8
84800020
40084ec0
84800020
40084ec8
84800020
40084ed0
84800020
40084ed8
84800020
40084ee0
84800020
40084ee8
84800020
40084ef0
84800020
40084ef8
84800020
40084f00
84800020
40084f08
84800020
40084f10
84800020
40084f18
84800020
40084f20
84800020
40084f28
84800020
40084f30
84800020
40084f38
84800020
40084f40
84800020
40084f48
84800020
40084f50
84800020
40084f58
84800020
40084f60
84800020
40084f68
84800020
40084f70
84800020
40084f78
84800020
40084f80
84800020
40084f88
84800020
40084f90
84800020
40084f98
84800020
40084fa0
84800020
40084fa8
84800020
40084fb0
84800020
40084fb8
84800020
40084fc0
84800020
40084fc8
84800020
40084fd0
84800020
40084fd8
84800020
40084fe0
84800020
40084fe8
84800020
40084ff0
84800020
40084ff8
84800020
40085000
84800020
40085008
84800020
40085010
84800020
40085018
84800020
40085020
84800020
40085028
84800020
40085030
84800020
40085038
84800020
40085040
84800020
40085048
84800020
40085050
84800020
40085058
84800020
40085060
84800020
40085068
84800020
40085070
84800020
40085078
84800020
40085080
84800020
40085088
84800020
40085090
84800020
40085098
84800020
400850a0
84800020
400850a8
84800020
400850b0
84800020
400850b8
84800020
400850c0
84800020
400850c8
84800020
400850d0
84800020
400850d8
84800020
400850e0
84800020
400850e8
84800020
400850f0
84800020
400850f8
84800020
40085100
84800020
40085108
84800020
40085110
84800020
40085118
84800020
40085120
84800020
40085128
84800020
40085130
84800020
40085138
84800020
40085140
84800020
40085148
84800020
40085150
84800020
40085158
84800020
40085160
84800020
40085168
84800020
40085170
84800020
40085178
84800020
40085180
84800020
40085188
84800020
40085190
84800020
40085198
84800020
400851a0
84800020
400851a8
84800020
400851b0
84800020
400851b8
84800020
400851c0
84800020
400851c8
84800020
400851d0
84800020
400851d8
84800020
400851e0
84800020
400851e8
84800020
400851f0
84800020
400851f8
84800020
40085200
84800020
40085208
84800020
40085210
84800020
40085218
84800020
40085220
84800020
40085228
84800020
40085230
84800020
40085238
84800020
40085240
84800020
40085248
84800020
40085250
84800020
40085258
84800020
40085260
84800020
40085268
84800020
40085270
84800020
40085278
84800020
40085280
84800020
40085288
84800020
40085290
84800020
40085298
84800020
400852a0
84800020
400852a8
84800020
400852b0
84800020
400852b8
84800020
400852c0
84800020
400852c8
84800020
400852d0
84800020
400852d8
84800020
400852e0
84800020
400852e8
84800020
400852f0
84800020
400852f8
84800020
40085300
84800020
40085308
84800020
40085310
84800020
40085318
84800020
40085320
84800020
40085328
84800020
40085330
84800020
40085338
84800020
40085340
84800020
40085348
84800020
40085350
84800020
40085358
84800020
40085360
84800020
40085368
84800020
40085370
84800020
40085378
84800020
40085380
84800020
40085388
84800020
40085390
84800020
40085398
84800020
400853a0
84800020
400853a8
84800020
400853b0
84800020
400853b8
84800020
400853c0
84800020
400853c8
84800020
400853d0
84800020
400853d8
84800020
400853e0
84800020
400853e8
84800020
400853f0
84800020
400853f8
84800020
40085400
84800020
40085408
84800020
40085410
84800020
40085418
84800020
40085420
84800020
40085428
84800020
40085430
84800020
40085438
84800020
40085440
84800020
40085448
84800020
40085450
84800020
40085458
84800020
40085460
84800020
40085468
84800020
40085470
84800020
40085478
84800020
40085480
84800020
40085488
84800020
40085490
84800020
40085498
84800020
400854a0
84800020
400854a8
84800020
400854b0
84800020
400854b8
84800020
400854c0
84800020
400854c8
84800020
400854d0
84800020
400854d8
84800020
400854e0
84800020
400854e8
84800020
400854f0
84800020
400854f8
84800020
40085500
84800020
40085508
84800020
40085510
84800020
40085518
84800020
40085520
84800020
40085528
84800020
40085530
84800020
40085538
84800020
40085540
84800020
40085548
84800020
40085550
84800020
40085558
84800020
40085560
84800020
40085568
84800020
40085570
84800020
40085578
84800020
40085580
84800020
40085588
84800020
40085590
84800020
40085598
84800020
400855a0
84800020
400855a8
84800020
400855b0
84800020
400855b8
84800020
400855c0
84800020
400855c8
84800020
400855d0
84800020
400855d8
84800020
400855e0
84800020
400855e8
84800020
400855f0
84800020
400855f8
84800020
40085600
84800020
40085608
84800020
40085610
84800020
40085618
84800020
40085620
84800020
40085628
84800020
40085630
84800020
40085638
84800020
40085640
84800020
40085648
84800020
40085650
84800020
40085658
84800020
40085660
84800020
40085668
84800020
40085670
84800020
40085678
84800020
40085680
84800020
40085688
84800020
40085690
84800020
40085698
84800020
400856a0
84800020
400856a8
84800020
400856b0
84800020
400856b8
84800020
400856c0
84800020
400856c8
84800020
400856d0
84800020
400856d8
84800020
400856e0
84800020
400856e8
84800020
400856f0
84800020
400856f8
84800020
40085700
84800020
40085708
84800020
40085710
84800020
40085718
84800020
40085720
84800020
40085728
84800020
40085730
84800020
40085738
84800020
40085740
84800020
40085748
84800020
40085750
84800020
40085758
84800020
40085760
84800020
40085768
84800020
40085770
84800020
40085778
84800020
40085780
84800020
40085788
84800020
40085790
84800020
40085798
84800020
400857a0
84800020
400857a8
84800020
400857b0
84800020
400857b8
84800020
400857c0
84800020
400857c8
84800020
400857d0
84800020
400857d8
84800020
400857e0
84800020
400857e8
84800020
400857f0
84800020
400857f8
84800020
40085800
84800020
40085808
84800020
40085810
84800020
40085818
84800020
40085820
84800020
40085828
84800020
40085830
84800020
40085838
84800020
40085840
84800020
40085848
84800020
40085850
84800020
40085858
84800020
40085860
84800020
40085868
84800020
40085870
84800020
40085878
84800020
40085880
84800020
40085888
84800020
40085890
84800020
40085898
84800020
400858a0
84800020
400858a8
84800020
400858b0
84800020
400858b8
84800020
400858c0
84800020
400858c8
84800020
400858d0
84800020
400858d8
84800020
400858e0
84800020
400858e8
84800020
400858f0
84800020
400858f8
84800020
40085900
84800020
40085908
84800020
40085910
84800020
40085918
84800020
40085920
84800020
40085928
84800020
40085930
84800020
40085938
84800020
40085940
84800020
40085948
84800020
40085950
84800020
40085958
84800020
40085960
84800020
40085968
84800020
40085970
84800020
40085978
84800020
40085980
84800020
40085988
84800020
40085990
84800020
40085998
84800020
400859a0
84800020
400859a8
84800020
400859b0
84800020
400859b8
84800020
400859c0
84800020
400859c8
84800020
400859d0
84800020
400859d8
84800020
400859e0
84800020
400859e8
84800020
400859f0
84800020
400859f8
84800020
40085a00
84800020
40085a08
84800020
40085a10
84800020
40085a18
84800020
40085a20
84800020
40085a28
84800020
40085a30
84800020
40085a38
84800020
40085a40
84800020
40085a48
84800020
40085a50
84800020
40085a58
84800020
40085a60
84800020
40085a68
84800020
40085a70
84800020
40085a78
84800020
40085a80
84800020
40085a88
84800020
40085a90
84800020
40085a98
84800020
40085aa0
84800020
40085aa8
84800020
40085ab0
84800020
40085ab8
84800020
40085ac0
84800020
40085ac8
84800020
40085ad0
84800020
40085ad8
84800020
40085ae0
84800020
40085ae8
84800020
40085af0
84800020
40085af8
84800020
40085b00
84800020
40085b08
84800020
40085b10
84800020
40085b18
84800020
40085b20
84800020
40085b28
84800020
40085b30
84800020
40085b38
84800020
40085b40
84800020
40085b48
84800020
40085b50
84800020
40085b58
84800020
40085b60
84800020
40085b68
84800020
40085b70
84800020
40085b78
84800020
40085b80
84800020
40085b88
84800020
40085b90
84800020
40085b98
84800020
40085ba0
84800020
40085ba8
84800020
40085bb0
84800020
40085bb8
84800020
40085bc0
84800020
40085bc8
84800020
40085bd0
84800020
40085bd8
84800020
40085be0
84800020
40085be8
84800020
40085bf0
84800020
40085bf8
84800020
40085c00
84800020
40085c08
84800020
40085c10
84800020
40085c18
84800020
40085c20
84800020
40085c28
84800020
40085c30
84800020
40085c38
84800020
40085c40
84800020
40085c48
84800020
40085c50
84800020
40085c58
84800020
40085c60
84800020
40085c68
84800020
40085c70
84800020
40085c78
84800020
40085c80
84800020
40085c88
84800020
40085c90
84800020
40085c98
84800020
40085ca0
84800020
40085ca8
84800020
40085cb0
84800020
40085cb8
84800020
40085cc0
84800020
40085cc8
84800020
40085cd0
84800020
40085cd8
84800020
40085ce0
84800020
40085ce8
84800020
40085cf0
84800020
40085cf8
84800020
40085d00
84800020
40085d08
84800020
40085d10
84800020
40085d18
84800020
40085d20
84800020
40085d28
84800020
40085d30
84800020
40085d38
84800020
40085d40
84800020
40085d48
84800020
40085d50
84800020
40085d58
84800020
40085d60
84800020
40085d68
84800020
40085d70
84800020
40085d78
84800020
40085d80
84800020
40085d88
84800020
40085d90
84800020
40085d98
84800020
40085da0
84800020
40085da8
84800020
40085db0
84800020
40085db8
84800020
40085dc0
84800020
40085dc8
84800020
40085dd0
84800020
40085dd8
84800020
40085de0
84800020
40085de8
84800020
40085df0
84800020
40085df8
84800020
40085e00
84800020
40085e08
84800020
40085e10
84800020
40085e18
84800020
40085e20
84800020
40085e28
84800020
40085e30
84800020
40085e38
84800020
40085e40
84800020
40085e48
84800020
40085e50
84800020
40085e58
84800020
40085e60
84800020
40085e68
84800020
40085e70
84800020
40085e78
84800020
40085e80
84800020
40085e88
84800020
40085e90
84800020
40085e98
84800020
40085ea0
84800020
40085ea8
84800020
40085eb0
84800020
40085eb8
84800020
40085ec0
84800020
40085ec8
84800020
40085ed0
84800020
40085ed8
84800020
40085ee0
84800020
40085ee8
84800020
40085ef0
84800020
40085ef8
84800020
40085f00
84800020
40085f08
84800020
40085f10
84800020
40085f18
84800020
40085f20
84800020
40085f28
84800020
40085f30
84800020
40085f38
84800020
40085f40
84800020
40085f48
84800020
40085f50
84800020
40085f58
84800020
40085f60
84800020
40085f68
84800020
40085f70
84800020
40085f78
84800020
40085f80
84800020
40085f88
84800020
40085f90
84800020
40085f98
84800020
40085fa0
84800020
40085fa8
84800020
40085fb0
84800020
40085fb8
84800020
40085fc0
84800020
40085fc8
84800020
40085fd0
84800020
40085fd8
84800020
40085fe0
84800020
40085fe8
84800020
40085ff0
84800020
40085ff8
84800020
40086000
84800020
40086008
84800020
40086010
84800020
40086018
84800020
40086020
84800020
40086028
84800020
40086030
84800020
40086038
84800020
40086040
84800020
40086048
84800020
40086050
84800020
40086058
84800020
40086060
84800020
40086068
84800020
40086070
84800020
40086078
84800020
40086080
84800020
40086088
84800020
40086090
84800020
40086098
84800020
400860a0
84800020
400860a8
84800020
400860b0
84800020
400860b8
84800020
400860c0
84800020
400860c8
84800020
400860d0
84800020
400860d8
84800020
400860e0
84800020
400860e8
84800020
400860f0
84800020
400860f8
84800020
40086100
84800020
40086108
84800020
40086110
84800020
40086118
84800020
40086120
84800020
40086128
84800020
40086130
84800020
40086138
84800020
40086140
84800020
40086148
84800020
40086150
84800020
40086158
84800020
40086160
84800020
40086168
84800020
40086170
84800020
40086178
84800020
40086180
84800020
40086188
84800020
40086190
84800020
40086198
84800020
400861a0
84800020
400861a8
84800020
400861b0
84800020
400861b8
84800020
400861c0
84800020
400861c8
84800020
400861d0
84800020
400861d8
84800020
400861e0
84800020
400861e8
84800020
400861f0
84800020
400861f8
84800020
40086200
84800020
40086208
84800020
40086210
84800020
40086218
84800020
40086220
84800020
40086228
84800020
40086230
84800020
40086238
84800020
40086240
84800020
40086248
84800020
40086250
84800020
40086258
84800020
40086260
84800020
40086268
84800020
40086270
84800020
40086278
84800020
40086280
84800020
40086288
84800020
40086290
84800020
40086298
84800020
400862a0
84800020
400862a8
84800020
400862b0
84800020
400862b8
84800020
400862c0
84800020
400862c8
84800020
400862d0
84800020
400862d8
84800020
400862e0
84800020
400862e8
84800020
400862f0
84800020
400862f8
84800020
40086300
84800020
40086308
84800020
40086310
84800020
40086318
84800020
40086320
84800020
40086328
84800020
40086330
84800020
40086338
84800020
40086340
84800020
40086348
84800020
40086350
84800020
40086358
84800020
40086360
84800020
40086368
84800020
40086370
84800020
40086378
84800020
40086380
84800020
40086388
84800020
40086390
84800020
40086398
84800020
400863a0
84800020
400863a8
84800020
400863b0
84800020
400863b8
84800020
400863c0
84800020
400863c8
84800020
400863d0
84800020
400863d8
84800020
400863e0
84800020
400863e8
84800020
400863f0
84800020
400863f8
84800020
40086400
84800020
40086408
84800020
40086410
84800020
40086418
84800020
40086420
84800020
40086428
84800020
40086430
84800020
40086438
84800020
40086440
84800020
40086448
84800020
40086450
84800020
40086458
84800020
40086460
84800020
40086468
84800020
40086470
84800020
40086478
84800020
40086480
84800020
40086488
84800020
40086490
84800020
40086498
84800020
400864a0
84800020
400864a8
84800020
400864b0
84800020
400864b8
84800020
400864c0
84800020
400864c8
84800020
400864d0
84800020
400864d8
84800020
400864e0
84800020
400864e8
84800020
400864f0
84800020
400864f8
84800020
40086500
84800020
40086508
84800020
40086510
84800020
40086518
84800020
40086520
84800020
40086528
84800020
40086530
84800020
40086538
84800020
40086540
84800020
40086548
84800020
40086550
84800020
40086558
84800020
40086560
84800020
40086568
84800020
40086570
84800020
40086578
84800020
40086580
84800020
40086588
84800020
40086590
84800020
40086598
84800020
400865a0
84800020
400865a8
84800020
400865b0
84800020
400865b8
84800020
400865c0
84800020
400865c8
84800020
400865d0
84800020
400865d8
84800020
400865e0
84800020
400865e8
84800020
400865f0
84800020
400865f8
84800020
40086600
84800020
40086608
84800020
40086610
84800020
40086618
84800020
40086620
84800020
40086628
84800020
40086630
84800020
40086638
84800020
40086640
84800020
40086648
84800020
40086650
84800020
40086658
84800020
40086660
84800020
40086668
84800020
40086670
84800020
40086678
84800020
40086680
84800020
40086688
84800020
40086690
84800020
40086698
84800020
400866a0
84800020
400866a8
84800020
400866b0
84800020
400866b8
84800020
400866c0
84800020
400866c8
84800020
400866d0
84800020
400866d8
84800020
400866e0
84800020
400866e8
84800020
400866f0
84800020
400866f8
84800020
40086700
84800020
40086708
84800020
40086710
84800020
40086718
84800020
40086720
84800020
40086728
84800020
40086730
84800020
40086738
84800020
40086740
84800020
40086748
84800020
40086750
84800020
40086758
84800020
40086760
84800020
40086768
84800020
40086770
84800020
40086778
84800020
40086780
84800020
40086788
84800020
40086790
84800020
40086798
84800020
400867a0
84800020
400867a8
84800020
400867b0
84800020
400867b8
84800020
400867c0
84800020
400867c8
84800020
400867d0
84800020
400867d8
84800020
400867e0
84800020
400867e8
84800020
400867f0
84800020
400867f8
84800020
40086800
84800020
40086808
84800020
40086810
84800020
40086818
84800020
40086820
84800020
40086828
84800020
40086830
84800020
40086838
84800020
40086840
84800020
40086848
84800020
40086850
84800020
40086858
84800020
40086860
84800020
40086868
84800020
40086870
84800020
40086878
84800020
40086880
84800020
40086888
84800020
40086890
84800020
40086898
84800020
400868a0
84800020
400868a8
84800020
400868b0
84800020
400868b8
84800020
400868c0
84800020
400868c8
84800020
400868d0
84800020
400868d8
84800020
400868e0
84800020
400868e8
84800020
400868f0
84800020
400868f8
84800020
40086900
84800020
40086908
84800020
40086910
84800020
40086918
84800020
40086920
84800020
40086928
84800020
40086930
84800020
40086938
84800020
40086940
84800020
40086948
84800020
40086950
84800020
40086958
84800020
40086960
84800020
40086968
84800020
40086970
84800020
40086978
84800020
40086980
84800020
40086988
84800020
40086990
84800020
40086998
84800020
400869a0
84800020
400869a8
84800020
400869b0
84800020
400869b8
84800020
400869c0
84800020
400869c8
84800020
400869d0
84800020
400869d8
84800020
400869e0
84800020
400869e8
84800020
400869f0
84800020
400869f8
84800020
40086a00
84800020
40086a08
84800020
40086a10
84800020
40086a18
84800020
40086a20
84800020
40086a28
84800020
40086a30
84800020
40086a38
84800020
40086a40
84800020
40086a48
84800020
40086a50
84800020
40086a58
84800020
40086a60
84800020
40086a68
84800020
40086a70
84800020
40086a78
84800020
40086a80
84800020
40086a88
84800020
40086a90
84800020
40086a98
84800020
40086aa0
84800020
40086aa8
84800020
40086ab0
84800020
40086ab8
84800020
40086ac0
84800020
40086ac8
84800020
40086ad0
84800020
40086ad8
84800020
40086ae0
84800020
40086ae8
84800020
40086af0
84800020
40086af8
84800020
40086b00
84800020
40086b08
84800020
40086b10
84800020
40086b18
84800020
40086b20
84800020
40086b28
84800020
40086b30
84800020
40086b38
84800020
40086b40
84800020
40086b48
84800020
40086b50
84800020
40086b58
84800020
40086b60
84800020
40086b68
84800020
40086b70
84800020
40086b78
84800020
40086b80
84800020
40086b88
84800020
40086b90
84800020
40086b98
84800020
40086ba0
84800020
40086ba8
84800020
40086bb0
84800020
40086bb8
84800020
40086bc0
84800020
40086bc8
84800020
40086bd0
84800020
40086bd8
84800020
40086be0
84800020
40086be8
84800020
40086bf0
84800020
40086bf8
84800020
40086c00
84800020
40086c08
84800020
40086c10
84800020
40086c18
84800020
40086c20
84800020
40086c28
84800020
40086c30
84800020
40086c38
84800020
40086c40
84800020
40086c48
84800020
40086c50
84800020
40086c58
84800020
40086c60
84800020
40086c68
84800020
40086c70
84800020
40086c78
84800020
40086c80
84800020
40086c88
84800020
40086c90
84800020
40086c98
84800020
40086ca0
84800020
40086ca8
84800020
40086cb0
84800020
40086cb8
84800020
40086cc0
84800020
40086cc8
84800020
40086cd0
84800020
40086cd8
84800020
40086ce0
84800020
40086ce8
84800020
40086cf0
84800020
40086cf8
84800020
40086d00
84800020
40086d08
84800020
40086d10
84800020
40086d18
84800020
40086d20
84800020
40086d28
84800020
40086d30
84800020
40086d38
84800020
40086d40
84800020
40086d48
84800020
40086d50
84800020
40086d58
84800020
40086d60
84800020
40086d68
84800020
40086d70
84800020
40086d78
84800020
40086d80
84800020
40086d88
84800020
40086d90
84800020
40086d98
84800020
40086da0
84800020
40086da8
84800020
40086db0
84800020
40086db8
84800020
40086dc0
84800020
40086dc8
84800020
40086dd0
84800020
40086dd8
84800020
40086de0
84800020
40086de8
84800020
40086df0
84800020
40086df8
84800020
40086e00
84800020
40086e08
84800020
40086e10
84800020
40086e18
84800020
40086e20
84800020
40086e28
84800020
40086e30
84800020
40086e38
84800020
40086e40
84800020
40086e48
84800020
40086e50
84800020
40086e58
84800020
40086e60
84800020
40086e68
84800020
40086e70
84800020
40086e78
84800020
40086e80
84800020
40086e88
84800020
40086e90
84800020
40086e98
84800020
40086ea0
84800020
40086ea8
84800020
40086eb0
84800020
40086eb8
84800020
40086ec0
84800020
40086ec8
84800020
40086ed0
84800020
40086ed8
84800020
40086ee0
84800020
40086ee8
84800020
40086ef0
84800020
40086ef8
84800020
40086f00
84800020
40086f08
84800020
40086f10
84800020
40086f18
84800020
40086f20
84800020
40086f28
84800020
40086f30
84800020
40086f38
84800020
40086f40
84800020
40086f48
84800020
40086f50
84800020
40086f58
84800020
40086f60
84800020
40086f68
84800020
40086f70
84800020
40086f78
84800020
40086f80
84800020
40086f88
84800020
40086f90
84800020
40086f98
84800020
40086fa0
84800020
40086fa8
84800020
40086fb0
84800020
40086fb8
84800020
40086fc0
84800020
40086fc8
84800020
40086fd0
84800020
40086fd8
84800020
40086fe0
84800020
40086fe8
84800020
40086ff0
84800020
40086ff8
84800020
40087000
84800020
40087008
84800020
40087010
84800020
40087018
84800020
40087020
84800020
40087028
84800020
40087030
84800020
40087038
84800020
40087040
84800020
40087048
84800020
40087050
84800020
40087058
84800020
40087060
84800020
40087068
84800020
40087070
84800020
40087078
84800020
40087080
84800020
40087088
84800020
40087090
84800020
40087098
84800020
400870a0
84800020
400870a8
84800020
400870b0
84800020
400870b8
84800020
400870c0
84800020
400870c8
84800020
400870d0
84800020
400870d8
84800020
400870e0
84800020
400870e8
84800020
400870f0
84800020
400870f8
84800020
40087100
84800020
40087108
84800020
40087110
84800020
40087118
84800020
40087120
84800020
40087128
84800020
40087130
84800020
40087138
84800020
40087140
84800020
40087148
84800020
40087150
84800020
40087158
84800020
40087160
84800020
40087168
84800020
40087170
84800020
40087178
84800020
40087180
84800020
40087188
84800020
40087190
84800020
40087198
84800020
400871a0
84800020
400871a8
84800020
400871b0
84800020
400871b8
84800020
400871c0
84800020
400871c8
84800020
400871d0
84800020
400871d8
84800020
400871e0
84800020
400871e8
84800020
400871f0
84800020
400871f8
84800020
40087200
84800020
40087208
84800020
40087210
84800020
40087218
84800020
40087220
84800020
40087228
84800020
40087230
84800020
40087238
84800020
40087240
84800020
40087248
84800020
40087250
84800020
40087258
84800020
40087260
84800020
40087268
84800020
40087270
84800020
40087278
84800020
40087280
84800020
40087288
84800020
40087290
84800020
40087298
84800020
400872a0
84800020
400872a8
84800020
400872b0
84800020
400872b8
84800020
400872c0
84800020
400872c8
84800020
400872d0
84800020
400872d8
84800020
400872e0
84800020
400872e8
84800020
400872f0
84800020
400872f8
84800020
40087300
84800020
40087308
84800020
40087310
84800020
40087318
84800020
40087320
84800020
40087328
84800020
40087330
84800020
40087338
84800020
40087340
84800020
40087348
84800020
40087350
84800020
40087358
84800020
40087360
84800020
40087368
84800020
40087370
84800020
40087378
84800020
40087380
84800020
40087388
84800020
40087390
84800020
40087398
84800020
400873a0
84800020
400873a8
84800020
400873b0
84800020
400873b8
84800020
400873c0
84800020
400873c8
84800020
400873d0
84800020
400873d8
84800020
400873e0
84800020
400873e8
84800020
400873f0
84800020
400873f8
84800020
40087400
84800020
40087408
84800020
40087410
84800020
40087418
84800020
40087420
84800020
40087428
84800020
40087430
84800020
40087438
84800020
40087440
84800020
40087448
84800020
40087450
84800020
40087458
84800020
40087460
84800020
40087468
84800020
40087470
84800020
40087478
84800020
40087480
84800020
40087488
84800020
40087490
84800020
40087498
84800020
400874a0
84800020
400874a8
84800020
400874b0
84800020
400874b8
84800020
400874c0
84800020
400874c8
84800020
400874d0
84800020
400874d8
84800020
400874e0
84800020
400874e8
84800020
400874f0
84800020
400874f8
84800020
40087500
84800020
40087508
84800020
40087510
84800020
40087518
84800020
40087520
84800020
40087528
84800020
40087530
84800020
40087538
84800020
40087540
84800020
40087548
84800020
40087550
84800020
40087558
84800020
40087560
84800020
40087568
84800020
40087570
84800020
40087578
84800020
40087580
84800020
40087588
84800020
40087590
84800020
40087598
84800020
400875a0
84800020
400875a8
84800020
400875b0
84800020
400875b8
84800020
400875c0
84800020
400875c8
84800020
400875d0
84800020
400875d8
84800020
400875e0
84800020
400875e8
84800020
400875f0
84800020
400875f8
84800020
40087600
84800020
40087608
84800020
40087610
84800020
40087618
84800020
40087620
84800020
40087628
84800020
40087630
84800020
40087638
84800020
40087640
84800020
40087648
84800020
40087650
84800020
40087658
84800020
40087660
84800020
40087668
84800020
40087670
84800020
40087678
84800020
40087680
84800020
40087688
84800020
40087690
84800020
40087698
84800020
400876a0
84800020
400876a8
84800020
400876b0
84800020
400876b8
84800020
400876c0
84800020
400876c8
84800020
400876d0
84800020
400876d8
84800020
400876e0
84800020
400876e8
84800020
400876f0
84800020
400876f8
84800020
40087700
84800020
40087708
84800020
40087710
84800020
40087718
84800020
40087720
84800020
40087728
84800020
40087730
84800020
40087738
84800020
40087740
84800020
40087748
84800020
40087750
84800020
40087758
84800020
40087760
84800020
40087768
84800020
40087770
84800020
40087778
84800020
40087780
84800020
40087788
84800020
40087790
84800020
40087798
84800020
400877a0
84800020
400877a8
84800020
400877b0
84800020
400877b8
84800020
400877c0
84800020
400877c8
84800020
400877d0
84800020
400877d8
84800020
400877e0
84800020
400877e8
84800020
400877f0
84800020
400877f8
84800020
40087800
84800020
40087808
84800020
40087810
84800020
40087818
84800020
40087820
84800020
40087828
84800020
40087830
84800020
40087838
84800020
40087840
84800020
40087848
84800020
40087850
84800020
40087858
84800020
40087860
84800020
40087868
84800020
40087870
84800020
40087878
84800020
40087880
84800020
40087888
84800020
40087890
84800020
40087898
84800020
400878a0
84800020
400878a8
84800020
400878b0
84800020
400878b8
84800020
400878c0
84800020
400878c8
84800020
400878d0
84800020
400878d8
84800020
400878e0
84800020
400878e8
84800020
400878f0
84800020
400878f8
84800020
40087900
84800020
40087908
84800020
40087910
84800020
40087918
84800020
40087920
84800020
40087928
84800020
40087930
84800020
40087938
84800020
40087940
84800020
40087948
84800020
40087950
84800020
40087958
84800020
40087960
84800020
40087968
84800020
40087970
84800020
40087978
84800020
40087980
84800020
40087988
84800020
40087990
84800020
40087998
84800020
400879a0
84800020
400879a8
84800020
400879b0
84800020
400879b8
84800020
400879c0
84800020
400879c8
84800020
400879d0
84800020
400879d8
84800020
400879e0
84800020
400879e8
84800020
400879f0
84800020
400879f8
84800020
40087a00
84800020
40087a08
84800020
40087a10
84800020
40087a18
84800020
40087a20
84800020
40087a28
84800020
40087a30
84800020
40087a38
84800020
40087a40
84800020
40087a48
84800020
40087a50
84800020
40087a58
84800020
40087a60
84800020
40087a68
84800020
40087a70
84800020
40087a78
84800020
40087a80
84800020
40087a88
84800020
40087a90
84800020
40087a98
84800020
40087aa0
84800020
40087aa8
84800020
40087ab0
84800020
40087ab8
84800020
40087ac0
84800020
40087ac8
84800020
40087ad0
84800020
40087ad8
84800020
40087ae0
84800020
40087ae8
84800020
40087af0
84800020
40087af8
84800020
40087b00
84800020
40087b08
84800020
40087b10
84800020
40087b18
84800020
40087b20
84800020
40087b28
84800020
40087b30
84800020
40087b38
84800020
40087b40
84800020
40087b48
84800020
40087b50
84800020
40087b58
84800020
40087b60
84800020
40087b68
84800020
40087b70
84800020
40087b78
84800020
40087b80
84800020
40087b88
84800020
40087b90
84800020
40087b98
84800020
40087ba0
84800020
40087ba8
84800020
40087bb0
84800020
40087bb8
84800020
40087bc0
84800020
40087bc8
84800020
40087bd0
84800020
40087bd8
84800020
40087be0
84800020
40087be8
84800020
40087bf0
84800020
40087bf8
84800020
40087c00
84800020
40087c08
84800020
40087c10
84800020
40087c18
84800020
40087c20
84800020
40087c28
84800020
40087c30
84800020
40087c38
84800020
40087c40
84800020
40087c48
84800020
40087c50
84800020
40087c58
84800020
40087c60
84800020
40087c68
84800020
40087c70
84800020
40087c78
84800020
40087c80
84800020
40087c88
84800020
40087c90
84800020
40087c98
84800020
40087ca0
84800020
40087ca8
84800020
40087cb0
84800020
40087cb8
84800020
40087cc0
84800020
40087cc8
84800020
40087cd0
84800020
40087cd8
84800020
40087ce0
84800020
40087ce8
84800020
40087cf0
84800020
40087cf8
84800020
40087d00
84800020
40087d08
84800020
40087d10
84800020
40087d18
84800020
40087d20
84800020
40087d28
84800020
40087d30
84800020
40087d38
84800020
40087d40
84800020
40087d48
84800020
40087d50
84800020
40087d58
84800020
40087d60
84800020
40087d68
84800020
40087d70
84800020
40087d78
84800020
40087d80
84800020
40087d88
84800020
40087d90
84800020
40087d98
84800020
40087da0
84800020
40087da8
84800020
40087db0
84800020
40087db8
84800020
40087dc0
84800020
40087dc8
84800020
40087dd0
84800020
40087dd8
84800020
40087de0
84800020
40087de8
84800020
40087df0
84800020
40087df8
84800020
40087e00
84800020
40087e08
84800020
40087e10
84800020
40087e18
84800020
40087e20
84800020
40087e28
84800020
40087e30
84800020
40087e38
84800020
40087e40
84800020
40087e48
84800020
40087e50
84800020
40087e58
84800020
40087e60
84800020
40087e68
84800020
40087e70
84800020
40087e78
84800020
40087e80
84800020
40087e88
84800020
40087e90
84800020
40087e98
84800020
40087ea0
84800020
40087ea8
84800020
40087eb0
84800020
40087eb8
84800020
40087ec0
84800020
40087ec8
84800020
40087ed0
84800020
40087ed8
84800020
40087ee0
84800020
40087ee8
84800020
40087ef0
84800020
40087ef8
84800020
40087f00
84800020
40087f08
84800020
40087f10
84800020
40087f18
84800020
40087f20
84800020
40087f28
84800020
40087f30
84800020
40087f38
84800020
40087f40
84800020
40087f48
84800020
40087f50
84800020
40087f58
84800020
40087f60
84800020
40087f68
84800020
40087f70
84800020
40087f78
84800020
40087f80
84800020
40087f88
84800020
40087f90
84800020
40087f98
84800020
40087fa0
84800020
40087fa8
84800020
40087fb0
84800020
40087fb8
84800020
40087fc0
84800020
40087fc8
84800020
40087fd0
84800020
40087fd8
84800020
40087fe0
84800020
40087fe8
84800020
40087ff0
84800020
40087ff8
84800020
40088000
84800020
40088008
84800020
40088010
84800020
40088018
84800020
40088020
84800020
40088028
84800020
40088030
84800020
40088038
84800020
40088040
84800020
40088048
84800020
40088050
84800020
40088058
84800020
40088060
84800020
40088068
84800020
40088070
84800020
40088078
84800020
40088080
84800020
40088088
84800020
40088090
84800020
40088098
84800020
400880a0
84800020
400880a8
84800020
400880b0
84800020
400880b8
84800020
400880c0
84800020
400880c8
84800020
400880d0
84800020
400880d8
84800020
400880e0
84800020
400880e8
84800020
400880f0
84800020
400880f8
84800020
40088100
84800020
40088108
84800020
40088110
84800020
40088118
84800020
40088120
84800020
40088128
84800020
40088130
84800020
40088138
84800020
40088140
84800020
40088148
84800020
40088150
84800020
40088158
84800020
40088160
84800020
40088168
84800020
40088170
84800020
40088178
84800020
40088180
84800020
40088188
84800020
40088190
84800020
40088198
84800020
400881a0
84800020
400881a8
84800020
400881b0
84800020
400881b8
84800020
400881c0
84800020
400881c8
84800020
400881d0
84800020
400881d8
84800020
400881e0
84800020
400881e8
84800020
400881f0
84800020
400881f8
84800020
40088200
84800020
40088208
84800020
40088210
84800020
40088218
84800020
40088220
84800020
40088228
84800020
40088230
84800020
40088238
84800020
40088240
84800020
40088248
84800020
40088250
84800020
40088258
84800020
40088260
84800020
40088268
84800020
40088270
84800020
40088278
84800020
40088280
84800020
40088288
84800020
40088290
84800020
40088298
84800020
400882a0
84800020
400882a8
84800020
400882b0
84800020
400882b8
84800020
400882c0
84800020
400882c8
84800020
400882d0
84800020
400882d8
84800020
400882e0
84800020
400882e8
84800020
400882f0
84800020
400882f8
84800020
40088300
84800020
40088308
84800020
40088310
84800020
40088318
84800020
40088320
84800020
40088328
84800020
40088330
84800020
40088338
84800020
40088340
84800020
40088348
84800020
40088350
84800020
40088358
84800020
40088360
84800020
40088368
84800020
40088370
84800020
40088378
84800020
40088380
84800020
40088388
84800020
40088390
84800020
40088398
84800020
400883a0
84800020
400883a8
84800020
400883b0
84800020
400883b8
84800020
400883c0
84800020
400883c8
84800020
400883d0
84800020
400883d8
84800020
400883e0
84800020
400883e8
84800020
400883f0
84800020
400883f8
84800020
40088400
84800020
40088408
84800020
40088410
84800020
40088418
84800020
40088420
84800020
40088428
84800020
40088430
84800020
40088438
84800020
40088440
84800020
40088448
84800020
40088450
84800020
40088458
84800020
40088460
84800020
40088468
84800020
40088470
84800020
40088478
84800020
40088480
84800020
40088488
84800020
40088490
84800020
40088498
84800020
400884a0
84800020
400884a8
84800020
400884b0
84800020
400884b8
84800020
400884c0
84800020
400884c8
84800020
400884d0
84800020
400884d8
84800020
400884e0
84800020
400884e8
84800020
400884f0
84800020
400884f8
84800020
40088500
84800020
40088508
84800020
40088510
84800020
40088518
84800020
40088520
84800020
40088528
84800020
40088530
84800020
40088538
84800020
40088540
84800020
40088548
84800020
40088550
84800020
40088558
84800020
40088560
84800020
40088568
84800020
40088570
84800020
40088578
84800020
40088580
84800020
40088588
84800020
40088590
84800020
40088598
84800020
400885a0
84800020
400885a8
84800020
400885b0
84800020
400885b8
84800020
400885c0
84800020
400885c8
84800020
400885d0
84800020
400885d8
84800020
400885e0
84800020
400885e8
84800020
400885f0
84800020
400885f8
84800020
40088600
84800020
40088608
84800020
40088610
84800020
40088618
84800020
40088620
84800020
40088628
84800020
40088630
84800020
40088638
84800020
40088640
84800020
40088648
84800020
40088650
84800020
40088658
84800020
40088660
84800020
40088668
84800020
40088670
84800020
40088678
84800020
40088680
84800020
40088688
84800020
40088690
84800020
40088698
84800020
400886a0
84800020
400886a8
84800020
400886b0
84800020
400886b8
84800020
400886c0
84800020
400886c8
84800020
400886d0
84800020
400886d8
84800020
400886e0
84800020
400886e8
84800020
400886f0
84800020
400886f8
84800020
40088700
84800020
40088708
84800020
40088710
84800020
40088718
84800020
40088720
84800020
40088728
84800020
40088730
84800020
40088738
84800020
40088740
84800020
40088748
84800020
40088750
84800020
40088758
84800020
40088760
84800020
40088768
84800020
40088770
84800020
40088778
84800020
40088780
84800020
40088788
84800020
40088790
84800020
40088798
84800020
400887a0
84800020
400887a8
84800020
400887b0
84800020
400887b8
84800020
400887c0
84800020
400887c8
84800020
400887d0
84800020
400887d8
84800020
400887e0
84800020
400887e8
84800020
400887f0
84800020
400887f8
84800020
40088800
84800020
40088808
84800020
40088810
84800020
40088818
84800020
40088820
84800020
40088828
84800020
40088830
84800020
40088838
84800020
40088840
84800020
40088848
84800020
40088850
84800020
40088858
84800020
40088860
84800020
40088868
84800020
40088870
84800020
40088878
84800020
40088880
84800020
40088888
84800020
40088890
84800020
40088898
84800020
400888a0
84800020
400888a8
84800020
400888b0
84800020
400888b8
84800020
400888c0
84800020
400888c8
84800020
400888d0
84800020
400888d8
84800020
400888e0
84800020
400888e8
84800020
400888f0
84800020
400888f8
84800020
40088900
84800020
40088908
84800020
40088910
84800020
40088918
84800020
40088920
84800020
40088928
84800020
40088930
84800020
40088938
84800020
40088940
84800020
40088948
84800020
40088950
84800020
40088958
84800020
40088960
84800020
40088968
84800020
40088970
84800020
40088978
84800020
40088980
84800020
40088988
84800020
40088990
84800020
40088998
84800020
400889a0
84800020
400889a8
84800020
400889b0
84800020
400889b8
84800020
400889c0
84800020
400889c8
84800020
400889d0
84800020
400889d8
84800020
400889e0
84800020
400889e8
84800020
400889f0
84800020
400889f8
84800020
40088a00
84800020
40088a08
84800020
40088a10
84800020
40088a18
84800020
40088a20
84800020
40088a28
84800020
40088a30
84800020
40088a38
84800020
40088a40
84800020
40088a48
84800020
40088a50
84800020
40088a58
84800020
40088a60
84800020
40088a68
84800020
40088a70
84800020
40088a78
84800020
40088a80
84800020
40088a88
84800020
40088a90
84800020
40088a98
84800020
40088aa0
84800020
40088aa8
84800020
40088ab0
84800020
40088ab8
84800020
40088ac0
84800020
40088ac8
84800020
40088ad0
84800020
40088ad8
84800020
40088ae0
84800020
40088ae8
84800020
40088af0
84800020
40088af8
84800020
40088b00
84800020
40088b08
84800020
40088b10
84800020
40088b18
84800020
40088b20
84800020
40088b28
84800020
40088b30
84800020
40088b38
84800020
40088b40
84800020
40088b48
84800020
40088b50
84800020
40088b58
84800020
40088b60
84800020
40088b68
84800020
40088b70
84800020
40088b78
84800020
40088b80
84800020
40088b88
84800020
40088b90
84800020
40088b98
84800020
40088ba0
84800020
40088ba8
84800020
40088bb0
84800020
40088bb8
84800020
40088bc0
84800020
40088bc8
84800020
40088bd0
84800020
40088bd8
84800020
40088be0
84800020
40088be8
84800020
40088bf0
84800020
40088bf8
84800020
40088c00
84800020
40088c08
84800020
40088c10
84800020
40088c18
84800020
40088c20
84800020
40088c28
84800020
40088c30
84800020
40088c38
84800020
40088c40
84800020
40088c48
84800020
40088c50
84800020
40088c58
84800020
40088c60
84800020
40088c68
84800020
40088c70
84800020
40088c78
84800020
40088c80
84800020
40088c88
84800020
40088c90
84800020
40088c98
84800020
40088ca0
84800020
40088ca8
84800020
40088cb0
84800020
40088cb8
84800020
40088cc0
84800020
40088cc8
84800020
40088cd0
84800020
40088cd8
84800020
40088ce0
84800020
40088ce8
84800020
40088cf0
84800020
40088cf8
84800020
40088d00
84800020
40088d08
84800020
40088d10
84800020
40088d18
84800020
40088d20
84800020
40088d28
84800020
40088d30
84800020
40088d38
84800020
40088d40
84800020
40088d48
84800020
40088d50
84800020
40088d58
84800020
40088d60
84800020
40088d68
84800020
40088d70
84800020
40088d78
84800020
40088d80
84800020
40088d88
84800020
40088d90
84800020
40088d98
84800020
40088da0
84800020
40088da8
84800020
40088db0
84800020
40088db8
84800020
40088dc0
84800020
40088dc8
84800020
40088dd0
84800020
40088dd8
84800020
40088de0
84800020
40088de8
84800020
40088df0
84800020
40088df8
84800020
40088e00
84800020
40088e08
84800020
40088e10
84800020
40088e18
84800020
40088e20
84800020
40088e28
84800020
40088e30
84800020
40088e38
84800020
40088e40
84800020
40088e48
84800020
40088e50
84800020
40088e58
84800020
40088e60
84800020
40088e68
84800020
40088e70
84800020
40088e78
84800020
40088e80
84800020
40088e88
84800020
40088e90
84800020
40088e98
84800020
40088ea0
84800020
40088ea8
84800020
40088eb0
84800020
40088eb8
84800020
40088ec0
84800020
40088ec8
84800020
40088ed0
84800020
40088ed8
84800020
40088ee0
84800020
40088ee8
84800020
40088ef0
84800020
40088ef8
84800020
40088f00
84800020
40088f08
84800020
40088f10
84800020
40088f18
84800020
40088f20
84800020
40088f28
84800020
40088f30
84800020
40088f38
84800020
40088f40
84800020
40088f48
84800020
40088f50
84800020
40088f58
84800020
40088f60
84800020
40088f68
84800020
40088f70
84800020
40088f78
84800020
40088f80
84800020
40088f88
84800020
40088f90
84800020
40088f98
84800020
40088fa0
84800020
40088fa8
84800020
40088fb0
84800020
40088fb8
84800020
40088fc0
84800020
40088fc8
84800020
40088fd0
84800020
40088fd8
84800020
40088fe0
84800020
40088fe8
84800020
40088ff0
84800020
40088ff8
84800020
40089000
84800020
40089008
84800020
40089010
84800020
40089018
84800020
40089020
84800020
40089028
84800020
40089030
84800020
40089038
84800020
40089040
84800020
40089048
84800020
40089050
84800020
40089058
84800020
40089060
84800020
40089068
84800020
40089070
84800020
40089078
84800020
40089080
84800020
40089088
84800020
40089090
84800020
40089098
84800020
400890a0
84800020
400890a8
84800020
400890b0
84800020
400890b8
84800020
400890c0
84800020
400890c8
84800020
400890d0
84800020
400890d8
84800020
400890e0
84800020
400890e8
84800020
400890f0
84800020
400890f8
84800020
40089100
84800020
40089108
84800020
40089110
84800020
40089118
84800020
40089120
84800020
40089128
84800020
40089130
84800020
40089138
84800020
40089140
84800020
40089148
84800020
40089150
84800020
40089158
84800020
40089160
84800020
40089168
84800020
40089170
84800020
40089178
84800020
40089180
84800020
40089188
84800020
40089190
84800020
40089198
84800020
400891a0
84800020
400891a8
84800020
400891b0
84800020
400891b8
84800020
400891c0
84800020
400891c8
84800020
400891d0
84800020
400891d8
84800020
400891e0
84800020
400891e8
84800020
400891f0
84800020
400891f8
84800020
40089200
84800020
40089208
84800020
40089210
84800020
40089218
84800020
40089220
84800020
40089228
84800020
40089230
84800020
40089238
84800020
40089240
84800020
40089248
84800020
40089250
84800020
40089258
84800020
40089260
84800020
40089268
84800020
40089270
84800020
40089278
84800020
40089280
84800020
40089288
84800020
40089290
84800020
40089298
84800020
400892a0
84800020
400892a8
84800020
400892b0
84800020
400892b8
84800020
400892c0
84800020
400892c8
84800020
400892d0
84800020
400892d8
84800020
400892e0
84800020
400892e8
84800020
400892f0
84800020
400892f8
84800020
40089300
84800020
40089308
84800020
40089310
84800020
40089318
84800020
40089320
84800020
40089328
84800020
40089330
84800020
40089338
84800020
40089340
84800020
40089348
84800020
40089350
84800020
40089358
84800020
40089360
84800020
40089368
84800020
40089370
84800020
40089378
84800020
40089380
84800020
40089388
84800020
40089390
84800020
40089398
84800020
400893a0
84800020
400893a8
84800020
400893b0
84800020
400893b8
84800020
400893c0
84800020
400893c8
84800020
400893d0
84800020
400893d8
84800020
400893e0
84800020
400893e8
84800020
400893f0
84800020
400893f8
84800020
40089400
84800020
40089408
84800020
40089410
84800020
40089418
c0000000
